1.463219399259632514e+00 7.658385412844033624e+00
4.389658197778897986e+00 7.512247020202017289e+00
7.316096996298162125e+00 7.474241231527092744e+00
1.024253579481742804e+01 7.535906984126983232e+00
1.316897459333669218e+01 7.323146225490198447e+00
1.609541339185595632e+01 7.611779123711341910e+00
1.902185219037522401e+01 7.586262931937181264e+00
2.194829098889448815e+01 7.882369186602869782e+00
2.487472978741375229e+01 7.706659648241209304e+00
2.780116858593301643e+01 8.081673743589741221e+00
